Embankment .in file

0	0	1	<< job_type, singularity_type, res_matrix

0	<< num_regions
resistivity.dat


150	<< num_electrodes
1 1 41
1 2 42
1 3 43
1 4 44
1 5 45
1 6 46
1 7 47
1 8 48
1 9 49
1 10 50
1 11 51
1 12 52
1 13 53
1 14 54
1 15 55
1 16 56
1 17 57
1 18 58
1 19 59
1 20 60
1 21 61
1 22 62
1 23 63
1 24 64
1 25 65
1 26 66
1 27 67
1 28 68
1 29 69
1 30 70
1 31 71
1 32 72
1 33 73
1 34 74
1 35 75
1 36 76
1 37 77
1 38 78
1 39 79
1 40 80
1 41 81
1 42 82
1 43 83
1 44 84
1 45 85
1 46 86
1 47 87
1 48 88
1 49 89
1 50 90
1 51 91
1 52 92
1 53 93
1 54 94
1 55 95
1 56 96
1 57 97
1 58 98
1 59 99
1 60 100
1 61 101
1 62 102
1 63 103
1 64 104
1 65 105
1 66 106
1 67 107
1 68 108
1 69 109
1 70 110
1 71 111
1 72 112
1 73 113
1 74 114
1 75 115
1 76 116
1 77 117
1 78 118
1 79 119
1 80 120
1 81 121
1 82 122
1 83 123
1 84 124
1 85 125
1 86 126
1 87 127
1 88 128
1 89 129
1 90 130
1 91 131
1 92 132
1 93 133
1 94 134
1 95 135
1 96 136
1 97 137
1 98 138
1 99 139
1 100 140
1 101 141
1 102 142
1 103 143
1 104 144
1 105 145
1 106 146
1 107 147
1 108 148
1 109 149
1 110 150
1 111 151
1 112 152
1 113 153
1 114 154
1 115 155
1 116 156
1 117 157
1 118 158
1 119 159
1 120 160
1 121 161
1 122 162
1 123 163
1 124 164
1 125 165
1 126 166
1 127 167
1 128 168
1 129 169
1 130 170
1 131 171
1 132 172
1 133 173
1 134 174
1 135 175
1 136 176
1 137 177
1 138 178
1 139 179
1 140 180
1 141 181
1 142 182
1 143 183
1 144 184
1 145 185
1 146 186
1 147 187
1 148 188
1 149 189
1 150 190
