layered ground .in file

0	0	1	<< job_type, singularity_type, res_matrix

0	<< num_regions
resistivity.dat


150	<< num_electrodes
1 1 49
1 2 50
1 3 51
1 4 52
1 5 53
1 6 54
1 7 55
1 8 56
1 9 57
1 10 58
1 11 59
1 12 60
1 13 61
1 14 62
1 15 63
1 16 64
1 17 65
1 18 66
1 19 67
1 20 68
1 21 69
1 22 70
1 23 71
1 24 72
1 25 73
1 26 74
1 27 75
1 28 76
1 29 77
1 30 78
1 31 79
1 32 80
1 33 81
1 34 82
1 35 83
1 36 84
1 37 85
1 38 86
1 39 87
1 40 88
1 41 89
1 42 90
1 43 91
1 44 92
1 45 93
1 46 94
1 47 95
1 48 96
1 49 97
1 50 98
1 51 99
1 52 100
1 53 101
1 54 102
1 55 103
1 56 104
1 57 105
1 58 106
1 59 107
1 60 108
1 61 109
1 62 110
1 63 111
1 64 112
1 65 113
1 66 114
1 67 115
1 68 116
1 69 117
1 70 118
1 71 119
1 72 120
1 73 121
1 74 122
1 75 123
1 76 124
1 77 125
1 78 126
1 79 127
1 80 128
1 81 129
1 82 130
1 83 131
1 84 132
1 85 133
1 86 134
1 87 135
1 88 136
1 89 137
1 90 138
1 91 139
1 92 140
1 93 141
1 94 142
1 95 143
1 96 144
1 97 145
1 98 146
1 99 147
1 100 148
1 101 149
1 102 150
1 103 151
1 104 152
1 105 153
1 106 154
1 107 155
1 108 156
1 109 157
1 110 158
1 111 159
1 112 160
1 113 161
1 114 162
1 115 163
1 116 164
1 117 165
1 118 166
1 119 167
1 120 168
1 121 169
1 122 170
1 123 171
1 124 172
1 125 173
1 126 174
1 127 175
1 128 176
1 129 177
1 130 178
1 131 179
1 132 180
1 133 181
1 134 182
1 135 183
1 136 184
1 137 185
1 138 186
1 139 187
1 140 188
1 141 189
1 142 190
1 143 191
1 144 192
1 145 193
1 146 194
1 147 195
1 148 196
1 149 197
1 150 198